
u = 1.1;
v = 1;

A1 = [ 0  7  0 -1 
      -7  0  1  0
       0 -1  0  7
       1  0 -7  0 ];

A2 = [ 0  0  7 -1
       0  0 -1  7
      -7  1  0  0
       1 -7  0  0 ];

Ma = [ 7/3 -1/3 -7  1
      -1/3  7/3  1 -7
       -7    1  21 -3
        1   -7  -3 21 ];

Mr = [ 7/3 -7 -1/3   1
       -7  21   1   -3
      -1/3  1  7/3  -7
        1  -3  -7   21 ];

A = (u/6*A1+v/6*A2)+1/2*(v/8*Ma+u/8*Mr);

b = [ u^2-v^2
     -1/3*u^2+2*u*v+v^2
     -u^2-2*u*v+1/3*v^2
     1/3*(u^2-v^2)      ];

b = -1/2*b;

a = A\b