% First 20 non-zero eigenvalues of curl-curl problem in L-shaped domain

E = [  1.475755785472390
       3.534031451903524
       9.869604401081261
       9.869604401087770
      11.389479519838980
      12.572820305257094
      19.739208802133430
      21.425751197260798
      23.344372794999575
      28.491929613867956
      35.878635253689595
      39.478417604353247
      39.478417604355137
      41.775119029317679
      41.863585417473978
      49.348022005374780
      49.348022005440633
      57.105945348044848
      58.425138029400550
      63.229496367336289 ];